THOMAS DESHAUN,16:02,9,2/3,1/3,2/2,0,0,0,0,1,0,0,0,2,1,6
HONEYCUTT TYLER,18:38,3,0/3,1/2,00,1,2,3,2,3,1,0,0,3,1,4
BALBAY DOGUS,00:00,0,00,00,00,0,0,0,0,0,0,0,0,0,0,0	
BROWN DERRICK,27:34,16,5/10,1/2,3/4,0,2,2,0,2,4,0,0,2,2,9	
OSMAN CEDI,25:25,13,1/2,3/5,2/2,1,1,2,2,0,0,1,1,3,2,13	
COTTON BRYCE,26:14,13,3/4,1/6,4/4,0,3,3,1,1,0,0,0,2,3,13	
GEYIK SAMET,00:00,0,00,00,00,0,0,0,0,0,0,0,0,0,0,0	
KORKMAZ FURKAN,00:00,0,00,00,00,0,0,0,0,0,0,0,0,0,0,0
GRANGER JAYSON,30:31,9,4/11,0/2,1/2,3,1,4,4,0,1,0,0,3,5,8	
OMIC ALEN,11:42,4,1/2,00,2/3,2,1,3,1,1,0,0,1,3,2,5
HEURTEL THOMAS,19:12,6/1/4,1/3,1/1,0,1,1,5,0,4,0,0,3,2,2
DUNSTON BRYANT,24:42,11,5/5,00,1/1,2,2,4,0,1,1,0,0,4,3,14
	
LARKIN SHANE,31:58,9,3/5,1/4,0,1,3,4,5,0,4,0,0,2,1,8
BARGNANI ANDREA,25:08,26,8/11,2/3,4/6,3,1,4,0,0,1,0,0,4,4,23
AKOGNON JOSH,12:49,5,1/1,1/4,0,0,1,1,2,0,1,0,0,2,2,4
COONEY TREVOR,5:19,0,0,0/1,0,0,0,0,1,0,0,0,0,0,0,0
VOIGTMANN JOHANNES,18:17,12,3/4,2/2,0,3,5,8,1,0,0,0,0,2,1,19
HANGA ADAM,30:28,6,1/2,0/4,4/6,0,4,4,4,0,7,2,0,5,4,1
SEDEKERSKIS TADAS,00.00,0,00,00,00,0,0,0,0,0,0,0,0,0,0,0
BLAZIC JAKA,31:42,8,2/6,0,4/6,2,5,7,1,0,3,0,0,2,5,10
DIOP ILIMANE,4:54,3,1/1,0,1/1,0,0,0,0,0,0,0,0,1,1,3
TILLIE KIM,00:00,0,00,00,00,0,0,0,0,0,0,0,0,0,0,0
SHENGELIA TORNIKE,29:50,16,7/9,0/1,2/4,5,4,9,0,1,3,0,1,1,6,22
LUZ RAFA,9:35,0,0/1,00,00,0,1,1,2,2,1,0,0,3,0,0
